0 0.7127548795801033 0.3679456517642562 0.16139975895479805 0.12104981921609832
2 0.887134339429868 0.4106940144944167 0.1760724643143248 0.1286683393066218
2 0.2923254375475009 0.4572516372698392 0.17607246431432497 0.12866833930662197
3 0.5592558081265896 0.3493226026540874 0.16139975895479744 0.12104981921609842
1 0.15519207591807477 0.5753386986729563 0.18397315181560855 0.13459385493258472
0 0.4198651072110822 0.5368228471041975 0.16252842859783878 0.1218963214483782
2 0.6032739242051703 0.4936512332578966 0.17494379467128338 0.12866833930662155
3 0.9040643840754758 0.5406321071494592 0.16478576788391966 0.1261288326097803
1 0.24604998218283838 0.7310951094125505 0.18284448217256763 0.13967286832626577
0 0.4638832232896635 0.6536401551588936 0.16478576788391947 0.11851031251925662
0 0.8493239063880094 0.6705701998045019 0.16817177681304135 0.1218963214483784
3 0.7607233394093269 0.5224323091554303 0.16252842859783836 0.1354403571648645
3 0.4266371250693257 0.7382903783869348 0.16252842859783875 0.12020331698381793
0 0.5823935358089206 0.8322521261700595 0.1625284285978391 0.12358932591293874
0 0.6834094688610495 0.6718399531529226 0.16591443752695972 0.12104981921609775
