3 0.7345309381237525 0.19061876247504986 0.17032601463739197 0.12574850299401197
3 0.4910179640718563 0.38622754491017963 0.1676646706586827 0.11776447105788425
3 0.38323353293413176 0.4890219560878246 0.1650033266799734 0.1157684630738528
3 0.3273453093812376 0.6676646706586825 0.16500332667997353 0.1217564870259481
0 0.5163007318695941 0.627744510978044 0.15968063872255484 0.12175648702594813
0 0.2994011976047905 0.8762475049900199 0.16766467065868265 0.12375249500998019
0 0.46307385229540904 0.8532934131736529 0.1596806387225548 0.12175648702594749
2 0.6254158349966732 0.722554890219561 0.1756487025948104 0.13173652694610763
1 0.782435129740519 0.3532934131736527 0.18097139055222897 0.1277445109780439
2 0.654690618762475 0.46007984031936117 0.17032601463739191 0.1257485029940121
0 0.19161676646706588 0.5878243512974053 0.17032601463739191 0.12175648702594813
0 0.07984031936127747 0.6786427145708585 0.15435795076513645 0.11576846307385187
0 0.2634730538922156 0.4660678642714571 0.13306719893546237 0.1177644710578842
2 0.6094477711244178 0.29840319361277445 0.1756487025948104 0.125748502994012
