1 0.7474871226863969 0.23489089179945402 0.16519619320866116 0.11851031251925717
3 0.4345378125706097 0.24374068786420358 0.15493556009011106 0.11004529019645304
1 0.5407353653476066 0.32839091109224455 0.16211800327309586 0.12235804993871373
2 0.34321817781551095 0.3383950283828311 0.15903981333753134 0.11620167006758322
0 0.2016214407795155 0.38110491373879746 0.14467492697156076 0.10465845780921441
3 0.3965734700319731 0.4472859973534479 0.15493556009011103 0.1123539326481261
3 0.5350920171324036 0.5073107010969672 0.15083130684269086 0.11081483768034431
0 0.7613389773964403 0.5861893181958234 0.14775311690712575 0.10850619522867042
3 0.3493745576866415 0.542325111614021 0.15698768671382166 0.12081895497093192
0 0.1970041558761678 0.4907654301933049 0.14775311690712586 0.10696710026088824
3 0.09901510959401136 0.5796481645827481 0.15288343346640096 0.11543212258369265
2 0.47814550332444916 0.632362167229301 0.16211800327309614 0.12081895497093098
0 0.23958578331815242 0.626975334842063 0.14877918021898182 0.1115843851642367
0 0.3452703044392211 0.6996975720697872 0.1467270535952707 0.1108148376803444
0 0.559204504960997 0.7966605550400887 0.14570099028341554 0.11389302761590975
