0 0.5617696632406347 0.404960885739427 0.17340469970350203 0.1200494074870398
1 0.8972923662172329 0.4934588463869243 0.19597809256431262 0.14159673703599576
0 0.5289356372612732 0.5519444551626614 0.17545682632721216 0.1277448823259524
0 0.28934985394312135 0.5858045444538778 0.17648288963906694 0.12312759742260482
2 0.0990151095940114 0.5392469216784552 0.1980302191880228 0.13467080968097406
0 0.6423156332212555 0.7012366670375695 0.18469139613390728 0.1339012621970825
3 0.452493920528073 0.7739589042652959 0.1949520292524581 0.14390537948766952
0 0.6654020577379938 0.8474506889769131 0.18776958606947203 0.14159673703599543
3 0.7864775285368885 0.7991481067043759 0.19392596594060252 0.1446749269715609
2 0.3488615260307138 0.8668682852868085 0.20521266237100813 0.15544859174603862
