3 0.3699268130405855 0.1776447105788423 0.19693945442448438 0.14371257485029937
1 0.7198935462408518 0.29341317365269454 0.21556886227544914 0.1516966067864271
0 0.31403858948769137 0.3303393213572854 0.18097139055222888 0.13772455089820354
3 0.46041250831669983 0.42315369261477037 0.19161676646706588 0.1397205588822356
0 0.5469061876247503 0.3612774451097802 0.17831004657351973 0.12774451097804435
0 0.7385229540918162 0.4600798403193611 0.18363273453093779 0.13373253493013978
3 0.7970725216234197 0.6407185628742517 0.19960079840319342 0.1477045908183632
0 0.6453759148369926 0.7345309381237527 0.17831004657351948 0.1317365269461078
2 0.3233532934131736 0.7045908183632734 0.19960079840319372 0.14770459081836318
0 0.5123087159015305 0.8333333333333335 0.18363273453093792 0.13373253493013965
1 0.16101131071190955 0.502994011976048 0.2155688622754492 0.15568862275449108
2 0.33000665335994667 0.5528942115768463 0.19161676646706594 0.14371257485029942
3 0.552228875582169 0.5668662674650697 0.19960079840319353 0.13972055888223572
