0 0.633183669745745 0.35609462051233043 0.16252842859783917 0.12274282368065896
1 0.37246098220337936 0.35694112274461054 0.18510182145864865 0.13459385493258438
3 0.5180593661556092 0.3611736339060127 0.13092567859270177 0.1261288326097804
1 0.5400684241949003 0.49322798214175634 0.18623049110169018 0.13459385493258436
2 0.22968427235875077 0.4661399107087836 0.17945847324344655 0.12951484153890241
3 0.8679469554981781 0.5749154475568159 0.1760724643143253 0.12528233037750028
2 0.6884884822547319 0.5757619497890962 0.17607246431432513 0.13544035716486488
2 0.36625329916665644 0.5520598872852448 0.1794584732434462 0.1320543482357438
0 0.19582418306753424 0.6134312991255743 0.17042911609912179 0.1261288326097801
3 0.34311557148432525 0.6845374866371284 0.17607246431432536 0.12951484153890355
3 0.6659150893939209 0.7167045714637834 0.1851018214586486 0.13628685939714377
0 0.8391658796006446 0.7014675312827359 0.17042911609912295 0.12443582814522242
0 0.5242670491923325 0.7983920368788431 0.172686455385204 0.1303613437711839
0 0.18058714288648692 0.8047408036209461 0.16930044645608128 0.12782183707434058
0 0.3544022679147308 0.8161685837567323 0.16704310717000082 0.12697533484206167
