1 0.8030258776304859 0.6428853442977714 0.1884652569949111 0.1393004073440639
1 0.5353505850869908 0.571186605223621 0.1911966375310683 0.139300407344064
3 0.31547445192626244 0.6966593986033847 0.17480835431411976 0.13213053343664885
2 0.12496065952923376 0.753506256012175 0.18709956672683087 0.13930040734406354
2 0.1413489427461826 0.5993539670027515 0.18163680565451487 0.13417906883876735
2 0.3871731910004131 0.44725021339544635 0.1734426640460405 0.129057730333471
3 0.5633472355826118 0.44059247333856094 0.1625171419014078 0.12393639182817452
0 0.23489872610959794 0.38528201748135915 0.1638828321694867 0.11779078562181876
0 0.10242677010592928 0.4631263627618656 0.1638828321694868 0.1198393210239376
3 0.29362340763699757 0.5619681959140873 0.17480835431411956 0.13315480113770825
0 0.38444181046425496 0.9165221823636673 0.16797990297372414 0.13213053343664896
