3 0.2282934131736527 0.7475049900199602 0.19910179640718562 0.26946107784431156
3 0.47529940119760467 0.7874251497005992 0.1721556886227547 0.24550898203592866
2 0.7387724550898205 0.5728542914171657 0.1482035928143712 0.23952095808383234
1 0.6893712574850298 0.81936127744511 0.1601796407185627 0.2495009980039918
3 0.8562874251497007 0.7395209580838323 0.13772455089820354 0.22554890219560866
2 0.5366766467065869 0.3373253493013971 0.16916167664670653 0.2514970059880239
2 0.4079341317365269 0.5129740518962076 0.18413173652694617 0.2634730538922155
0 0.1332335329341317 0.41716566866267457 0.20059880239520955 0.2594810379241516
3 0.7028443113772453 0.23353293413173654 0.1482035928143712 0.2355289421157685
0 0.3510479041916167 0.2664670658682635 0.17814371257485015 0.24950099800399209
