3 0.7126009700833257 0.4214549127381295 0.22060361204883377 0.15775723419771234
1 0.4396681291298849 0.6519343841635679 0.21034297893028298 0.15698768671382093
2 0.6551414246194434 0.7246566213912945 0.21855148542512348 0.15313994929436595
3 0.4904582630667093 0.8377801015233117 0.20316053574729806 0.1454444744554519
3 0.9294074960113344 0.7015701968745555 0.1411850079773313 0.15467904426214757
2 0.5930645942522133 0.5122615158373003 0.21752542211326845 0.15467904426214774
0 0.9181207995809291 0.5168788007406482 0.16375840083814186 0.15313994929436492
0 0.8270070293551626 0.5869076217747548 0.0041042532474202175 0.0007695474838913441
0 0.9150426096453639 0.3560433766073705 0.16991478070927227 0.15775723419771237
0 0.5391962703798241 0.19007822852114636 0.2041865990591538 0.15544859174603884
0 0.8331634092262926 0.16045065039133202 0.22368180198439858 0.16083542413327773
2 0.3216708482665549 0.12081895497093088 0.21855148542512348 0.16930044645608144
