1 0.7478376580172985 0.47604790419161674 0.21823020625415837 0.15369261477045906
1 0.3206919494344643 0.26447105788423164 0.2262142381902862 0.15768463073852293
0 0.5389221556886227 0.8423153692614769 0.1889554224883567 0.14371257485029965
2 0.3912175648702595 0.6926147704590818 0.2129075182967399 0.15169660678642713
2 0.3952095808383234 0.4920159680638722 0.20492348636061208 0.14970059880239514
3 0.5522288755821688 0.5888223552894208 0.19960079840319403 0.14371257485029867
3 0.16367265469061876 0.5309381237524949 0.2049234863606121 0.14770459081836326
3 0.2275449101796407 0.404191616766467 0.1942781104457751 0.14970059880239517
2 0.17032601463739191 0.6397205588822356 0.19161676646706588 0.12574850299401205
2 0.42182302062541593 0.35928143712574845 0.20492348636061203 0.14770459081836315
0 0.5642049234863606 0.35429141716566875 0.15435795076513653 0.14570858283433136
0 0.6573519627411842 0.6886227544910181 0.18629407850964738 0.1397205588822355
