3 0.5336075855204362 0.5356154207420751 0.21369252445245454 0.13292183812667457
2 0.19102115742999323 0.41668535504978704 0.19842877270585071 0.12401798294115672
0 0.3712182266607338 0.4640665844298698 0.1857089795836809 0.119566055348397
2 0.6438457925792425 0.42209126712670925 0.19673280028956136 0.12338199328504829
0 0.5153758820453263 0.4049195464117794 0.15518147609047303 0.10684626222622721
0 0.893577730877845 0.43703702404525885 0.1907968968325487 0.10875423119455284
2 0.24995619889604712 0.5693228725158257 0.22471634515833513 0.13800975537554305
1 0.8520264066787567 0.6764871295701076 0.23489217965607095 0.16281335196377497
1 0.24529227475125154 0.6962028089094707 0.24252405552937326 0.15136553815382234
3 0.575158909719524 0.6424616829683031 0.21708446928503158 0.1329218381266759
0 0.643845792579242 0.724822343434353 0.21199655203616594 0.14246168296830347
3 0.46681640758363613 0.8079311238552335 0.2382841244886496 0.17298918646151215
3 0.42212244649716313 0.2883744419298976 0.18510182145864826 0.10750578349961143
0 0.715012218866184 0.5435948649624401 0.17720113395736634 0.13036134377118114
0 0.8916490180020292 0.5224323091554306 0.19638851788905579 0.11004529019645312
