2 0.26864203074022863 0.31530860386609294 0.18096025681807068 0.12942389501807894
3 0.4827161489863485 0.31915634128554915 0.16510291472576555 0.12452677466604335
0 0.6426887471528389 0.32790119905704107 0.1641701298968069 0.11823047707056954
3 0.8544309033265606 0.49090534791764845 0.17349797818639814 0.12802471777464022
2 0.5447463401121304 0.462572008738015 0.17909468716015248 0.13152266088323686
2 0.22386835895019053 0.4398353785321363 0.17909468716015248 0.13082307226151774
1 0.095144052553831 0.5710082451045136 0.190288105107662 0.1371193698569918
0 0.3605213363927029 0.5150411553669659 0.16696848438368378 0.12172842017916631
3 0.7079836851799779 0.4825102844570164 0.16417012989680668 0.1322222495049564
0 0.8129219784378798 0.6245267746660434 0.16883405404160154 0.1252263632877627
0 0.6450207092252366 0.6367695755461321 0.16696848438368384 0.12452677466604371
0 0.41788760337368913 0.6318724551940967 0.1716324085284795 0.12172842017916614
1 0.20241430788413065 0.7224691817067517 0.19401924442349855 0.14061731296558766
3 0.39223602057731305 0.7224691817067519 0.1744307630153568 0.1238271860443243
0 0.676735393409847 0.805020639069635 0.17256519335743895 0.13082307226151804
