3 0.4916322682172756 0.38393188776019954 0.11956605534839732 0.08013469666967055
1 0.5671030407421505 0.45770668786878504 0.12974188984613305 0.09031053116740637
2 0.3958098266969287 0.43703702404525857 0.12465397259726464 0.08585860357464631
0 0.2728518265159531 0.45961465683711056 0.1263499450135545 0.08267865529410443
3 0.42888128881457055 0.5238496121040687 0.12634994501355437 0.09031053116740663
2 0.6474374699184487 0.5340254466018044 0.12804591742984384 0.09158251047962312
3 0.5329593318189199 0.5804526914977246 0.12295800018097541 0.09285448979184052
0 0.25693982106783225 0.5451552655837032 0.12041404155654187 0.08713058288686402
2 0.3760818833121571 0.5982604018687624 0.13482980709500128 0.0992143863529254
3 0.15730144161083462 0.6154321225836918 0.1365257795112904 0.09921438635292495
0 0.27093159350221924 0.6637673364479372 0.12804591742984386 0.09539844841627526
1 0.6063101388234327 0.7143285141085631 0.147549600217171 0.11384214844342094
0 0.44349678685965765 0.737860131384577 0.13058987605427833 0.1023943346334668
0 0.3408904556741538 0.7369061469004147 0.11532612430767401 0.10303032428957636
0 0.5261754421537621 0.8205387866786816 0.13652577951129066 0.06677891389139143
