3 0.8196939454424483 0.40718562874251474 0.29274783765801726 0.21956087824351259
3 0.5655355954757152 0.39121756487025955 0.2794411177644712 0.22754491017964068
0 0.4683965402528277 0.12674650698602793 0.29274783765801726 0.20958083832335325
3 0.19427811044577517 0.10479041916167663 0.2874251497005989 0.20958083832335325
0 0.7411842980705255 0.6387225548902192 0.2900864936793086 0.21956087824351336
0 0.4550898203592814 0.6556886227544904 0.28742514970059907 0.2135728542914169
2 0.12907518296739856 0.43013972055888233 0.2581503659347971 0.22954091816367275
0 0.09980039920159682 0.6457085828343311 0.19960079840319364 0.20558882235528986
2 0.2821024617431803 0.3522954091816367 0.28742514970059874 0.22155688622754494
0 0.28742514970059874 0.9191616766467063 0.30339321357285426 0.1616766467065866
