3 0.540252827677977 0.19031575895557867 0.20226214238190274 0.15829063777746508
1 0.7345309381237526 0.3003992015968064 0.21290751829673987 0.14970059880239522
1 0.19294743845642054 0.3183632734530938 0.21556886227544914 0.15369261477045906
3 0.44311377245509 0.35029940119760467 0.18363273453093792 0.12175648702594793
2 0.7997338656021291 0.5678642714570857 0.1942781104457752 0.121756487025948
3 0.5881570192947438 0.7015968063872252 0.15968063872255497 0.10978043912175588
3 0.4830339321357286 0.45009980039920167 0.18895542248835645 0.12574850299401205
2 0.742252660700968 0.4149857808120785 0.19802508887146422 0.1362276042408865
0 0.6350459746567613 0.520997487871715 0.17207697377795944 0.1147179825186421
0 0.14616271877375037 0.5535497312140581 0.17494379467128435 0.1108917924287339
2 0.38092600452618347 0.567093766930545 0.17720113395736498 0.12612883260978136
0 0.4977433125808799 0.5840238115761529 0.1534990714535142 0.11597080582241659
0 0.15180606698895321 0.4672065035214568 0.18171581252952762 0.10242677010592935
0 0.3143344955867913 0.4439276921337433 0.16139975895479813 0.12358932591293853
0 0.38374767863378473 0.2708179856324014 0.18510182145864834 0.1295148415389011
