2 0.6094477711244178 0.5179640718562875 0.2927478376580172 0.21756487025948104
3 0.14637391882900863 0.5169660678642714 0.2714570858283433 0.20359281437125737
2 0.6892880904856951 0.14171656686626746 0.2980705256154355 0.21157684630738527
0 0.4085163007318694 0.18463073852295403 0.2741184298070522 0.19760479041916149
0 0.3606121091151031 0.38522954091816375 0.26879574184963406 0.19560878243512955
0 0.5296074517631405 0.8053892215568862 0.2767797737857616 0.2095808383233535
2 0.803725881570193 0.715568862275449 0.30339321357285426 0.22554890219560875
0 0.37391882900864937 0.6427145708582834 0.268795741849634 0.20359281437125762
3 0.7411842980705257 0.35728542914171657 0.30073186959414505 0.21556886227544914
3 0.9138389886892881 0.501996007984032 0.17232202262142382 0.21357285429141715
