0 0.16115145163332875 0.6264970610808226 0.13656902680790606 0.09832969930169248
0 0.5326192045508324 0.38169708052765133 0.12291212412711616 0.09013555769321824
2 0.3899045715365707 0.538410038789723 0.14612885868445927 0.10652384091016658
3 0.440435111455496 0.45288368575127236 0.14339747814830137 0.1014025024048702
0 0.8515078821472932 0.7613456256531843 0.13793471707598498 0.10242677010592928
3 0.5626643904485722 0.7664669641584808 0.13383764627174777 0.10242677010592956
3 0.4616033106107214 0.7992435305923781 0.13656902680790584 0.10242677010592921
2 0.5674443063868487 0.8904033559866549 0.13247195600366884 0.10037823470381152
0 0.38102758479405735 0.9078159069046634 0.13930040734406396 0.10242677010592942
2 0.21851044289264937 0.88323348207924 0.14749454895253847 0.10857237631228583
1 0.15022592948869645 0.8181924830619752 0.15568869056101267 0.11164517941546308
0 0.0955983187655341 0.7372753346782909 0.13383764627174777 0.09730543160063292
2 0.45067778846608936 0.6968167604864487 0.14749454895253833 0.10447530550804814
3 0.39263595207272933 0.6435548400313655 0.1406660976121431 0.09832969930169214
3 0.5271564434785166 0.3203983803471583 0.13930040734406396 0.07886861298156564
