3 0.7076758661864201 0.19088625337923162 0.1713320518135552 0.10242677010592909
3 0.33521488398304145 0.29750320953494863 0.1663659053841769 0.10708253238346992
2 0.579176827326255 0.2728276694639756 0.17257358842089845 0.1042890750169462
1 0.7560957938728607 0.321247597150415 0.1762981982429329 0.11546290448304773
3 0.5301361313361436 0.4883894629141814 0.17629819824293333 0.1219809716716075
0 0.34949255496750425 0.537740543056129 0.1725735884208995 0.11639405693855683
0 0.674154377788117 0.6671707343718037 0.18623049110168993 0.12384327658262372
0 0.4345378125706097 0.6830003261154475 0.1787812714576223 0.12384327658262372
2 0.8790079179999732 0.7262989152965887 0.20361200360451023 0.14153517323728626
0 0.37370251881072364 0.8380372099576033 0.18623049110169035 0.13967286832626813
0 0.350113323271176 0.4180874525232927 0.16636590538417542 0.10801368483898086
2 0.628838291620039 0.42600224839511536 0.18002280806496718 0.11453175202753943
3 0.2377542603064905 0.4516089409215978 0.17505666163558847 0.11546290448304773
0 0.06269759867090222 0.43671050163346253 0.12539519734180443 0.11173829466101441
1 0.07635450135169283 0.7155329248421687 0.15270900270338567 0.14432863060381004
