1 0.3659347970725216 0.1906187624750499 0.20492348636061208 0.15768463073852296
1 0.7811044577511643 0.405189620758483 0.20492348636061222 0.15169660678642713
0 0.6892880904856953 0.6097804391217565 0.19161676646706588 0.13373253493013976
0 0.5495675316034595 0.7415169660678643 0.18363273453093837 0.13772455089820348
2 0.38988689288090483 0.6556886227544908 0.19960079840319372 0.1497005988023949
0 0.5921490352628078 0.2854291417165668 0.15701929474384566 0.13572854291417163
2 0.45908183632734534 0.2834331337325349 0.19427811044577503 0.1477045908183634
2 0.5522288755821689 0.5089820359281437 0.18895542248835653 0.13972055888223536
2 0.40984697272122417 0.40518962075848286 0.19693945442448432 0.14371257485029956
3 0.20359281437125745 0.4421157684630738 0.20492348636061208 0.14570858283433133
3 0.24617431803060547 0.3203592814371257 0.19427811044577514 0.14171656686626746
0 0.2142381902860945 0.5578842315369261 0.18895542248835662 0.1257485029940119
